1300
2001,694
2002,718
2003,237
2004,263
2005,105
2006,519
2007,313
2008,808
2009,802
2010,266
2011,556
2012,159
2013,751
2014,477
2015,700
2016,507
2017,581
2018,511
2019,894
2020,571
2021,726
2022,821
2023,158
2024,4
2025,387
2026,687
2027,183
2028,375
2029,568
2030,764
2031,907
2032,645
2033,175
2034,162
2035,759
2036,847
2037,599
2038,239
2039,289
2040,809
2041,527
2042,778
2043,51
2044,833
2045,93
2046,91
2047,935
2048,88
2049,930
2050,738
2051,856
2052,547
2053,607
2054,427
2055,104
2056,247
2057,662
2058,601
2059,965
2060,166
2061,660
2062,632
2063,687
2064,545
2065,679
2066,871
2067,138
2068,58
2069,646
2070,741
2071,90
2072,993
2073,200
2074,609
2075,798
2076,971
2077,38
2078,809
2079,198
2080,976
2081,469
2082,169
2083,822
2084,179
2085,971
2086,189
2087,597
2088,468
2089,586
2090,378
2091,37
2092,26
2093,199
2094,838
2095,43
2096,420
2097,427
2098,493
2099,110
2100,948
2101,37
2102,477
2103,72
2104,224
2105,329
2106,573
2107,161
2108,887
2109,368
2110,830
2111,151
2112,491
2113,61
2114,284
2115,851
2116,37
2117,574
2118,249
2119,376
2120,263
2121,79
2122,723
2123,979
2124,91
2125,760
2126,266
2127,980
2128,509
2129,564
2130,593
2131,521
2132,323
2133,414
2134,382
2135,973
2136,967
2137,639
2138,78
2139,597
2140,367
2141,693
2142,302
2143,81
2144,253
2145,606
2146,377
2147,232
2148,502
2149,508
2150,543
2151,107
2152,755
2153,276
2154,630
2155,84
2156,379
2157,436
2158,354
2159,601
2160,931
2161,556
2162,312
2163,124
2164,617
2165,739
2166,731
2167,263
2168,994
2169,883
2170,999
2171,403
2172,940
2173,708
2174,922
2175,718
2176,410
2177,870
2178,959
2179,958
2180,935
2181,168
2182,945
2183,249
2184,267
2185,542
2186,954
2187,442
2188,664
2189,545
2190,28
2191,310
2192,889
2193,126
2194,492
2195,83
2196,774
2197,276
2198,262
2199,790
2200,607
2201,760
2202,124
2203,46
2204,115
2205,187
2206,820
2207,958
2208,378
2209,341
2210,415
2211,536
2212,51
2213,937
2214,55
2215,27
2216,240
2217,131
2218,201
2219,556
2220,328
2221,964
2222,100
2223,856
2224,571
2225,1
2226,677
2227,103
2228,370
2229,937
2230,416
2231,528
2232,554
2233,72
2234,5
2235,3
2236,696
2237,36
2238,333
2239,872
2240,110
2241,848
2242,642
2243,978
2244,63
2245,334
2246,210
2247,10
2248,412
2249,732
2250,685
2251,781
2252,860
2253,69
2254,547
2255,806
2256,396
2257,587
2258,45
2259,281
2260,545
2261,531
2262,554
2263,628
2264,977
2265,708
2266,480
2267,244
2268,275
2269,763
2270,712
2271,171
2272,1
2273,979
2274,406
2275,815
2276,127
2277,370
2278,420
2279,175
2280,252
2281,413
2282,417
2283,242
2284,53
2285,414
2286,488
2287,289
2288,861
2289,332
2290,923
2291,140
2292,635
2293,279
2294,163
2295,925
2296,377
2297,564
2298,269
2299,763
2300,460
2301,865
2302,104
2303,545
2304,803
2305,469
2306,190
2307,955
2308,84
2309,673
2310,870
2311,765
2312,82
2313,567
2314,973
2315,509
2316,252
2317,617
2318,360
2319,565
2320,119
2321,81
2322,215
2323,851
2324,818
2325,846
2326,255
2327,101
2328,694
2329,49
2330,460
2331,324
2332,69
2333,110
2334,509
2335,160
2336,245
2337,630
2338,942
2339,183
2340,296
2341,106
2342,234
2343,897
2344,659
2345,150
2346,559
2347,855
2348,769
2349,969
2350,740
2351,331
2352,362
2353,399
2354,616
2355,499
2356,948
2357,307
2358,850
2359,499
2360,646
2361,892
2362,201
2363,942
2364,466
2365,537
2366,42
2367,800
2368,835
2369,874
2370,571
2371,812
2372,352
2373,758
2374,816
2375,546
2376,528
2377,11
2378,721
2379,723
2380,295
2381,507
2382,406
2383,865
2384,389
2385,537
2386,212
2387,102
2388,167
2389,224
2390,520
2391,723
2392,527
2393,380
2394,964
2395,67
2396,168
2397,322
2398,428
2399,293
2400,415
2401,996
2402,124
2403,628
2404,122
2405,456
2406,884
2407,826
2408,82
2409,698
2410,84
2411,962
2412,646
2413,415
2414,432
2415,678
2416,198
2417,928
2418,995
2419,919
2420,793
2421,294
2422,467
2423,76
2424,436
2425,207
2426,776
2427,884
2428,380
2429,781
2430,211
2431,739
2432,179
2433,164
2434,307
2435,295
2436,882
2437,704
2438,780
2439,683
2440,361
2441,203
2442,382
2443,433
2444,15
2445,548
2446,555
2447,272
2448,905
2449,422
2450,297
2451,271
2452,919
2453,700
2454,369
2455,903
2456,824
2457,525
2458,276
2459,448
2460,36
2461,302
2462,269
2463,95
2464,45
2465,647
2466,372
2467,580
2468,621
2469,183
2470,658
2471,428
2472,665
2473,244
2474,829
2475,942
2476,618
2477,922
2478,874
2479,25
2480,477
2481,73
2482,633
2483,488
2484,156
2485,65
2486,165
2487,635
2488,389
2489,331
2490,405
2491,520
2492,892
2493,48
2494,898
2495,935
2496,151
2497,209
2498,793
2499,367
2500,351
2501,288
2502,582
2503,597
2504,503
2505,242
2506,741
2507,434
2508,598
2509,942
2510,677
2511,970
2512,712
2513,915
2514,903
2515,37
2516,517
2517,302
2518,706
2519,119
2520,870
2521,38
2522,95
2523,150
2524,400
2525,985
2526,157
2527,109
2528,209
2529,572
2530,545
2531,362
2532,425
2533,12
2534,328
2535,12
2536,978
2537,335
2538,39
2539,135
2540,958
2541,361
2542,136
2543,165
2544,872
2545,159
2546,451
2547,596
2548,386
2549,526
2550,979
2551,891
2552,275
2553,684
2554,398
2555,637
2556,172
2557,369
2558,383
2559,350
2560,547
2561,776
2562,545
2563,435
2564,564
2565,898
2566,385
2567,190
2568,602
2569,774
2570,200
2571,607
2572,587
2573,697
2574,992
2575,653
2576,398
2577,301
2578,92
2579,154
2580,778
2581,634
2582,829
2583,646
2584,327
2585,194
2586,838
2587,831
2588,794
2589,852
2590,523
2591,190
2592,162
2593,300
2594,26
2595,988
2596,45
2597,569
2598,765
2599,154
2600,825
2601,652
2602,790
2603,60
2604,905
2605,200
2606,266
2607,870
2608,364
2609,478
2610,964
2611,123
2612,821
2613,592
2614,393
2615,40
2616,945
2617,298
2618,764
2619,466
2620,988
2621,414
2622,431
2623,757
2624,743
2625,88
2626,647
2627,588
2628,585
2629,77
2630,460
2631,745
2632,980
2633,222
2634,789
2635,332
2636,552
2637,217
2638,606
2639,493
2640,1
2641,400
2642,494
2643,234
2644,108
2645,925
2646,801
2647,913
2648,84
2649,377
2650,936
2651,795
2652,971
2653,84
2654,581
2655,118
2656,748
2657,555
2658,822
2659,110
2660,278
2661,693
2662,412
2663,475
2664,979
2665,485
2666,416
2667,951
2668,918
2669,995
2670,705
2671,313
2672,207
2673,667
2674,213
2675,939
2676,357
2677,639
2678,909
2679,865
2680,613
2681,809
2682,152
2683,707
2684,206
2685,495
2686,140
2687,572
2688,152
2689,599
2690,715
2691,454
2692,663
2693,580
2694,106
2695,834
2696,832
2697,699
2698,718
2699,255
2700,189
2701,999
2702,427
2703,139
2704,499
2705,443
2706,771
2707,305
2708,930
2709,341
2710,698
2711,222
2712,48
2713,435
2714,926
2715,857
2716,312
2717,66
2718,401
2719,955
2720,584
2721,411
2722,607
2723,387
2724,359
2725,835
2726,209
2727,348
2728,921
2729,296
2730,100
2731,574
2732,774
2733,539
2734,213
2735,764
2736,664
2737,286
2738,821
2739,783
2740,950
2741,767
2742,599
2743,663
2744,773
2745,430
2746,8
2747,683
2748,208
2749,192
2750,141
2751,461
2752,210
2753,37
2754,202
2755,81
2756,874
2757,408
2758,125
2759,450
2760,784
2761,997
2762,815
2763,724
2764,881
2765,559
2766,338
2767,45
2768,513
2769,210
2770,328
2771,4
2772,512
2773,290
2774,980
2775,492
2776,757
2777,52
2778,239
2779,125
2780,603
2781,888
2782,197
2783,215
2784,767
2785,523
2786,280
2787,172
2788,306
2789,43
2790,520
2791,655
2792,110
2793,395
2794,183
2795,330
2796,929
2797,932
2798,781
2799,537
2800,166
2801,811
2802,329
2803,525
2804,449
2805,130
2806,112
2807,790
2808,601
2809,530
2810,314
2811,293
2812,165
2813,14
2814,429
2815,609
2816,687
2817,724
2818,942
2819,973
2820,67
2821,660
2822,640
2823,208
2824,910
2825,596
2826,520
2827,760
2828,399
2829,919
2830,298
2831,843
2832,677
2833,34
2834,0
2835,512
2836,24
2837,963
2838,165
2839,810
2840,257
2841,741
2842,258
2843,994
2844,673
2845,550
2846,971
2847,597
2848,507
2849,917
2850,889
2851,202
2852,223
2853,400
2854,595
2855,353
2856,242
2857,335
2858,179
2859,631
2860,864
2861,531
2862,624
2863,822
2864,18
2865,75
2866,563
2867,12
2868,969
2869,379
2870,341
2871,852
2872,414
2873,950
2874,599
2875,118
2876,765
2877,387
2878,974
2879,130
2880,11
2881,69
2882,86
2883,906
2884,284
2885,332
2886,982
2887,309
2888,995
2889,841
2890,294
2891,96
2892,540
2893,839
2894,421
2895,746
2896,793
2897,624
2898,120
2899,894
2900,21
2901,780
2902,767
2903,487
2904,805
2905,347
2906,212
2907,661
2908,879
2909,583
2910,978
2911,563
2912,66
2913,554
2914,412
2915,682
2916,497
2917,546
2918,494
2919,917
2920,446
2921,608
2922,54
2923,531
2924,49
2925,944
2926,993
2927,530
2928,492
2929,759
2930,580
2931,402
2932,75
2933,502
2934,249
2935,700
2936,749
2937,932
2938,140
2939,534
2940,421
2941,333
2942,258
2943,583
2944,69
2945,883
2946,361
2947,703
2948,891
2949,791
2950,626
2951,845
2952,396
2953,819
2954,311
2955,267
2956,506
2957,341
2958,984
2959,188
2960,36
2961,351
2962,834
2963,284
2964,360
2965,377
2966,280
2967,546
2968,225
2969,268
2970,177
2971,853
2972,937
2973,747
2974,215
2975,197
2976,461
2977,258
2978,768
2979,428
2980,278
2981,236
2982,995
2983,831
2984,650
2985,107
2986,36
2987,650
2988,724
2989,297
2990,353
2991,562
2992,426
2993,804
2994,137
2995,426
2996,883
2997,554
2998,416
2999,564
3000,485
3001,853
3002,601
3003,722
3004,784
3005,476
3006,269
3007,802
3008,64
3009,985
3010,529
3011,407
3012,742
3013,611
3014,119
3015,834
3016,768
3017,573
3018,53
3019,170
3020,696
3021,234
3022,934
3023,250
3024,121
3025,731
3026,400
3027,53
3028,192
3029,347
3030,972
3031,15
3032,910
3033,422
3034,453
3035,805
3036,735
3037,337
3038,854
3039,208
3040,329
3041,373
3042,871
3043,757
3044,800
3045,923
3046,298
3047,607
3048,824
3049,186
3050,952
3051,858
3052,176
3053,570
3054,68
3055,865
3056,945
3057,594
3058,221
3059,683
3060,489
3061,579
3062,892
3063,308
3064,205
3065,616
3066,955
3067,945
3068,451
3069,523
3070,591
3071,737
3072,661
3073,416
3074,994
3075,752
3076,380
3077,652
3078,288
3079,839
3080,203
3081,667
3082,387
3083,36
3084,643
3085,195
3086,221
3087,765
3088,857
3089,165
3090,591
3091,366
3092,353
3093,274
3094,937
3095,355
3096,261
3097,843
3098,511
3099,598
3100,46
3101,382
3102,244
3103,466
3104,772
3105,346
3106,420
3107,840
3108,337
3109,747
3110,429
3111,145
3112,755
3113,137
3114,966
3115,105
3116,291
3117,237
3118,16
3119,637
3120,480
3121,280
3122,791
3123,550
3124,473
3125,670
3126,211
3127,516
3128,151
3129,766
3130,313
3131,34
3132,146
3133,802
3134,346
3135,440
3136,954
3137,240
3138,890
3139,447
3140,185
3141,692
3142,907
3143,369
3144,317
3145,390
3146,292
3147,477
3148,281
3149,48
3150,673
3151,422
3152,711
3153,178
3154,743
3155,117
3156,292
3157,551
3158,517
3159,368
3160,187
3161,374
3162,819
3163,203
3164,450
3165,384
3166,137
3167,841
3168,489
3169,924
3170,156
3171,666
3172,569
3173,580
3174,189
3175,734
3176,67
3177,570
3178,137
3179,34
3180,453
3181,736
3182,42
3183,184
3184,919
3185,180
3186,747
3187,626
3188,130
3189,500
3190,471
3191,574
3192,172
3193,154
3194,776
3195,935
3196,470
3197,831
3198,480
3199,814
3200,260
3201,361
3202,767
3203,298
3204,890
3205,559
3206,492
3207,631
3208,514
3209,202
3210,439
3211,177
3212,534
3213,403
3214,600
3215,661
3216,810
3217,559
3218,629
3219,858
3220,71
3221,930
3222,226
3223,574
3224,160
3225,132
3226,851
3227,786
3228,2
3229,33
3230,555
3231,120
3232,859
3233,869
3234,171
3235,353
3236,586
3237,147
3238,840
3239,169
3240,44
3241,225
3242,736
3243,850
3244,992
3245,867
3246,146
3247,345
3248,74
3249,105
3250,538
3251,694
3252,109
3253,49
3254,807
3255,655
3256,264
3257,932
3258,745
3259,2
3260,407
3261,849
3262,619
3263,281
3264,671
3265,659
3266,763
3267,960
3268,321
3269,64
3270,386
3271,323
3272,507
3273,375
3274,429
3275,760
3276,889
3277,35
3278,919
3279,13
3280,706
3281,34
3282,403
3283,859
3284,914
3285,905
3286,404
3287,752
3288,189
3289,282
3290,401
3291,72
3292,108
3293,619
3294,877
3295,462
3296,974
3297,398
3298,192
3299,578
3299,689